"Delimiter = ;"
AethLabs
Device ID = AE51-S4-692-1303
Application version = 2.2.4.0
Flow = 198 ml/min
Timebase = 300 s
Start date = 2023/07/26
Start time = 07:20:00
Original date format = yyyy/MM/dd
Original time format = hh:mm:ss
Flow units = ml/min
PCB temp units = deg C
Battery units = %
BC units = ng/m^3

Date;Time;Ref;Sen;ATN;Flow;PCB temp;Status;Battery;BC

2023/07/26;07:20:00;925822;789789;15.892;199;4;0;97;
2023/07/26;07:25:00;926463;764363;19.233;198;3;0;99;19172
2023/07/26;07:30:00;926801;737872;22.797;199;2;0;98;20344
2023/07/26;07:35:00;927010;721433;25.072;199;2;0;97;12991
2023/07/26;07:40:00;927105;709658;26.728;200;1;0;94;9405
2023/07/26;07:45:00;927336;697536;28.476;199;1;0;93;9977
2023/07/26;07:50:00;927358;688400;29.797;199;1;0;94;7540
2023/07/26;07:55:00;927389;678329;31.274;199;1;0;93;8432
2023/07/26;08:00:00;927286;655746;34.649;198;1;0;92;19362
2023/07/26;08:05:00;927274;639260;37.194;199;1;0;94;14528
2023/07/26;08:10:00;927005;622655;39.797;199;3;0;93;14858
2023/07/26;08:15:00;925613;606665;42.248;199;5;0;92;13993
2023/07/26;08:20:00;923967;596528;43.755;199;7;0;93;8603
2023/07/26;08:25:00;922415;588431;44.954;198;8;0;92;6876
2023/07/26;08:30:00;920968;581693;45.948;199;10;0;89;5678
2023/07/26;08:35:00;919519;576818;46.632;199;11;0;88;3905
2023/07/26;08:40:00;918236;572737;47.203;199;12;0;87;3256
2023/07/26;08:45:00;917105;569942;47.569;199;13;0;88;2089
2023/07/26;09:15:00;931461;563445;50.268;199;12;0;88;8680
2023/07/26;09:20:00;931618;557146;51.410;199;12;0;87;6514
2023/07/26;09:25:00;931710;551490;52.440;199;12;0;88;5881
2023/07/26;09:30:00;931740;546342;53.381;199;12;0;87;5372
2023/07/26;09:35:00;931625;541513;54.256;199;12;0;84;4998
2023/07/26;09:40:00;931404;536946;55.080;198;12;0;83;4723
2023/07/26;09:45:00;931160;532883;55.813;199;12;0;82;4186
2023/07/26;09:50:00;930910;529588;56.406;199;13;0;83;3387
2023/07/26;09:55:00;930548;526216;57.006;199;13;0;82;3424
2023/07/26;10:00:00;930224;523225;57.541;199;13;0;84;3055
2023/07/26;10:05:00;929787;519902;58.132;198;13;0;82;3386
2023/07/26;10:10:00;929279;516196;58.792;199;14;0;81;3772
2023/07/26;10:15:00;928603;513378;59.267;199;15;0;83;2710
2023/07/26;10:20:00;927695;510727;59.687;199;16;0;82;2397
2023/07/26;10:25:00;926640;507816;60.145;199;17;0;78;2613
2023/07/26;10:30:00;925367;504891;60.585;199;18;0;77;2513
2023/07/26;10:35:00;924027;501954;61.023;199;19;0;79;2503
2023/07/26;10:40:00;922717;499308;61.410;199;20;0;78;2207
2023/07/26;10:45:00;921740;496854;61.797;199;22;0;76;2208
2023/07/26;10:50:00;920587;494446;62.157;199;23;0;78;2059
2023/07/26;10:55:00;919539;492206;62.498;199;24;0;77;1942
2023/07/26;11:00:00;918615;490200;62.805;199;25;0;78;1757
2023/07/26;11:05:00;917867;488331;63.106;199;26;0;77;1716
2023/07/26;11:10:00;917122;486491;63.402;199;27;0;73;1691
2023/07/26;11:15:00;916416;484979;63.636;198;28;0;72;1344
2023/07/26;11:20:00;916021;483315;63.937;198;28;0;74;1725
2023/07/26;11:25:00;915652;482186;64.131;199;27;0;73;1105
2023/07/26;11:30:00;915978;481785;64.249;198;26;0;71;682
2023/07/26;11:35:00;916937;481503;64.413;198;26;0;73;936
2023/07/26;11:40:00;917577;480821;64.624;199;24;0;72;1207
2023/07/26;11:45:00;918255;480666;64.730;199;24;0;73;606
2023/07/26;11:50:00;918688;480410;64.831;198;24;0;72;576
2023/07/26;11:55:00;918541;480021;64.896;198;24;0;68;373
2023/07/26;12:00:00;918484;479715;64.953;199;24;0;67;329
2023/07/26;12:05:00;918568;479331;65.042;199;23;0;66;509
2023/07/26;12:10:00;919257;478949;65.197;198;23;0;68;888
2023/07/26;12:15:00;919618;478770;65.274;198;24;0;66;440
2023/07/26;12:20:00;919389;478371;65.332;198;24;0;68;335
2023/07/26;12:25:00;919103;478005;65.378;199;24;0;67;259
2023/07/26;12:30:00;919548;477782;65.473;198;23;0;68;545
2023/07/26;12:35:00;919920;477595;65.552;198;24;0;67;457
2023/07/26;12:40:00;919634;477186;65.607;199;24;0;63;312
2023/07/26;12:45:00;919260;476717;65.665;198;24;0;62;331
2023/07/26;12:50:00;918890;476348;65.702;198;24;0;61;213
2023/07/26;12:55:00;918334;475704;65.777;199;23;0;62;427
2023/07/26;13:00:00;918229;475289;65.852;198;23;0;61;435
2023/07/26;13:05:00;918396;474936;65.945;199;23;0;63;528
2023/07/26;13:10:00;918417;474531;66.032;198;23;0;62;503
2023/07/26;13:15:00;918612;473999;66.166;199;23;0;63;762
2023/07/26;13:20:00;918913;473574;66.288;199;22;0;62;699
2023/07/26;13:25:00;918888;473012;66.404;199;22;0;58;662
2023/07/26;13:30:00;918984;472568;66.509;199;22;0;57;596
2023/07/26;13:35:00;919167;472122;66.623;198;22;0;58;656
2023/07/26;13:40:00;918963;471791;66.671;199;22;0;57;274
2023/07/26;13:45:00;918797;471288;66.760;199;22;0;56;506
2023/07/26;13:50:00;918334;470831;66.806;199;22;0;57;266
2023/07/26;13:55:00;918122;470395;66.876;199;22;0;56;397
2023/07/26;14:00:00;918160;470025;66.959;199;22;0;58;473
2023/07/26;14:05:00;918037;469478;67.062;199;22;0;57;588
2023/07/26;14:10:00;917519;469127;67.080;198;23;0;53;105
2023/07/26;14:15:00;917099;468737;67.117;199;23;0;52;213
2023/07/26;14:20:00;916909;468307;67.188;199;23;0;53;406
2023/07/26;14:25:00;917015;467760;67.317;198;23;0;52;737
2023/07/26;14:30:00;917227;467383;67.421;198;22;0;51;595
2023/07/26;14:35:00;918061;467253;67.539;198;22;0;52;681
2023/07/26;14:40:00;918470;467199;67.595;198;22;0;51;322
2023/07/26;14:45:00;918285;466841;67.652;198;22;0;52;324
